# Time-averaged data for fix msd
# TimeStep c_msd[4]
1400000 768.417
1410000 1170.86
1420000 1376.58
1430000 1779.39
1440000 2181.53
1450000 2501.32
1460000 2599.71
1470000 2648.33
1480000 2846.39
1490000 3066.43
1500000 3311.65
1510000 3756.29
1520000 4092.2
1530000 4236.98
1540000 4425.07
1550000 4626.9
1560000 4771.35
1570000 4911.32
1580000 5099.54
1590000 5420.1
1600000 5400.38
1610000 5663.21
1620000 5982.15
1630000 6098.46
1640000 5972.98
1650000 6130.51
1660000 6509.31
1670000 6476.29
1680000 6756.33
1690000 7035.72
1700000 7453.69
1710000 7780.42
1720000 7592.78
1730000 7744.72
1740000 7786.56
1750000 8127.47
1760000 8561.27
1770000 8935.59
1780000 8954.13
1790000 9123.13
1800000 9163.13
1810000 9173.85
1820000 9361.91
1830000 9320.32
1840000 9080.67
1850000 9658.94
1860000 9105.82
1870000 9354.91
1880000 9950.98
1890000 10674.9
1900000 10681.1
1910000 11098.2
1920000 11839.7
1930000 12099.9
1940000 12058.8
1950000 11983.7
1960000 12247.6
1970000 12701.6
1980000 12855.2
1990000 13025.6
2000000 13137.3
2010000 13374.5
2020000 13545.1
2030000 13525.6
2040000 13977.3
2050000 14425.2
2060000 15297
2070000 16447
2080000 16395.8
2090000 16685.4
2100000 16682.2
2110000 16774.5
2120000 17165.1
2130000 17601.2
2140000 17706.7
2150000 17911.4
2160000 18532.8
2170000 18760.8
2180000 18477.6
2190000 18523.7
2200000 19010.7
2210000 18783.7
2220000 18846.4
2230000 19086.3
2240000 19187.5
2250000 19103.9
2260000 19856.5
2270000 19605.1
2280000 19702.9
2290000 20606
2300000 21121.7
2310000 21714.6
2320000 21608.1
2330000 21830.1
2340000 22250.3
2350000 22625.3
2360000 22269.2
2370000 22271.4
2380000 22543.7
2390000 22656.5
2400000 23288.3
2410000 23653.5
2420000 24544.9
2430000 24834
2440000 24839.8
2450000 24635
2460000 25016
2470000 25485.4
2480000 26358.4
2490000 27184.2
2500000 27015.2
2510000 26964
2520000 26357.1
2530000 26436
2540000 27207.7
2550000 28214.4
2560000 28939.2
2570000 29058.4
2580000 29941.2
2590000 30313.7
2600000 30516.3
2610000 30616.8
2620000 30782.9
2630000 31247.9
2640000 31679.6
2650000 31289.2
2660000 31654.7
2670000 31403.5
2680000 31081
2690000 30521.4
2700000 30912
2710000 30927.8
2720000 30518.9
2730000 30459.7
2740000 30522.2
2750000 30562.2
2760000 31096.8
2770000 32173.6
2780000 32494.6
2790000 32410.5
2800000 32516.2
2810000 32885.7
2820000 32672.9
2830000 32668.9
2840000 32169.9
2850000 32558.5
2860000 33057.5
2870000 33338.8
2880000 33233.7
2890000 34242.8
2900000 35460.8
2910000 35629.7
2920000 35268.8
2930000 34837.9
2940000 35150.9
2950000 35760.7
2960000 36879.7
2970000 36955.2
2980000 36952.5
2990000 36678.3
3000000 36441.7
3010000 36410.1
3020000 37334.3
3030000 36847.8
3040000 36907.4
3050000 37531.1
3060000 38140.1
3070000 37493.7
3080000 37250.7
3090000 37906.7
3100000 38756.4
3110000 39838.8
3120000 40536.6
3130000 42107.2
3140000 41898
3150000 42388.5
3160000 42765
3170000 43162.8
3180000 42779.5
3190000 42066
3200000 41979.7
3210000 42629.6
3220000 43444.8
3230000 43343.1
3240000 43951.5
3250000 44208.6
3260000 44238.3
3270000 45222.6
3280000 45964.8
3290000 46807.3
3300000 47316.2
3310000 48364
3320000 49000.3
3330000 49155
3340000 49569.2
3350000 49457.2
3360000 48963
3370000 48392.8
3380000 48054
3390000 47781.1
3400000 47801.4
3410000 47827.3
3420000 48900.1
3430000 48557.9
3440000 48581.6
3450000 48299.1
3460000 47677.6
3470000 47006.6
3480000 46046.4
3490000 46147.4
3500000 46515.8
3510000 46072.5
3520000 45513.9
3530000 45339.8
3540000 44759.8
3550000 44968.6
3560000 44343.5
3570000 44534.3
3580000 45094.5
3590000 45658.4
3600000 45125.5
3610000 45844.9
3620000 45631.5
3630000 45354.6
3640000 46693.9
3650000 47492.6
3660000 48726.3
3670000 49033.4
3680000 49064.8
3690000 49638.2
3700000 50160.2
3710000 50747.1
3720000 50558.5
3730000 51572.3
3740000 52014.7
3750000 52465.3
3760000 52289
3770000 51719.5
3780000 52461.2
3790000 52503.4
3800000 52993.3
3810000 53924.5
3820000 54648.5
3830000 54943.3
3840000 55693.3
3850000 55269.1
3860000 55294.3
3870000 55543.7
3880000 55292.3
3890000 54547
3900000 54843.2
3910000 55761.2
3920000 56738.1
3930000 56492
3940000 57364
3950000 58722.7
3960000 59065
3970000 59262.4
3980000 60827.6
3990000 61210.4
4000000 60792.5
4010000 60980.9
4020000 61404.9
4030000 61266.3
4040000 61455
4050000 61506.4
4060000 61547.4
4070000 60105.7
4080000 59857.3
4090000 59914.6
4100000 59833.2
4110000 59587.2
4120000 59432.9
4130000 59406.9
4140000 59935.8
4150000 61012.1
4160000 61170.5
4170000 61694.7
4180000 62454.5
4190000 63665.2
4200000 63883
4210000 63818.9
4220000 64041.7
4230000 64812.1
4240000 65694.2
4250000 66353.4
4260000 66254.4
4270000 66917.3
4280000 67513.1
4290000 67506.7
4300000 67157.1
4310000 66564.1
4320000 66630.3
4330000 67026.6
4340000 68075.2
4350000 68571.7
4360000 68621.9
4370000 68123.2
4380000 67915.2
4390000 67809.1
4400000 66872.5
4410000 66231.1
4420000 65999.8
4430000 66510.1
4440000 66414.7
4450000 66972
4460000 66894.7
4470000 66670.9
4480000 66397.5
4490000 66171.7
4500000 65192.9
4510000 64775.3
4520000 64607.9
4530000 64283.8
4540000 64049.1
4550000 63600.2
4560000 62151.7
4570000 61110.6
4580000 60359.8
4590000 60473.6
4600000 60775.1
4610000 60450.3
4620000 59942.6
4630000 60727.2
4640000 59975.4
4650000 59888.8
4660000 60556.6
4670000 61009.7
4680000 62095.1
4690000 62991.6
4700000 63044.6
4710000 63398.3
4720000 64617.4
4730000 63658.8
4740000 62926.8
4750000 63598.6
4760000 64776.8
4770000 64891
4780000 64794
4790000 63813.6
4800000 64220
4810000 63846.6
4820000 63848.3
4830000 63465
4840000 64588.7
4850000 64694.7
4860000 63718.7
4870000 64011.5
4880000 64726.8
4890000 65045.2
4900000 65108.5
4910000 65753.9
4920000 66268.1
4930000 67052.8
4940000 67166.4
4950000 66868.8
4960000 66772.5
4970000 66335.3
4980000 66495.2
4990000 66389.4
5000000 66272.9
5010000 65834.1
5020000 65562.8
5030000 64850.6
5040000 64681.6
5050000 64894.9
5060000 66225.6
5070000 67518.4
5080000 67710.1
5090000 68402.2
5100000 68212.5
5110000 67668.4
5120000 68272.9
5130000 68959.2
5140000 69560.2
5150000 69380.2
5160000 69293.2
5170000 69290.5
5180000 69074.3
5190000 70525.7
5200000 71233.1
5210000 72405.7
5220000 71840.5
5230000 71330.6
5240000 71366.6
5250000 71437.3
5260000 70978.4
5270000 70170
5280000 69240
5290000 69095.8
5300000 69885
5310000 70575.2
5320000 70366.7
5330000 70474.9
5340000 70351.7
5350000 70596.3
5360000 70647
5370000 70308.9
5380000 70336.3
5390000 70478.5
5400000 69534.7
5410000 69930.1
5420000 69969.9
5430000 70199.8
5440000 70167.4
5450000 69817
5460000 70540.9
5470000 69855.3
5480000 69378.6
5490000 70391.7
5500000 70501.9
5510000 70718.6
5520000 70510.2
5530000 71155.6
5540000 71590.4
5550000 71871.5
5560000 71572.3
5570000 71877.3
5580000 71396.1
5590000 71186.9
5600000 71612
5610000 71250.8
5620000 71878.5
5630000 71307
5640000 72177.3
5650000 73105.4
5660000 73142.9
5670000 73195.3
5680000 72960.9
5690000 72497.3
5700000 73075.2
5710000 74062.1
5720000 75318.7
5730000 76033.9
5740000 76706.5
5750000 77736.3
5760000 77826.4
5770000 77914.6
5780000 78047.4
5790000 77744.9
5800000 78168.7
5810000 78099.4
5820000 77883
5830000 77313.3
5840000 77183
5850000 79199.2
5860000 79977.5
5870000 79591.9
5880000 78958.5
5890000 78722
5900000 78500.5
5910000 77702.8
5920000 77874.5
5930000 79037.1
5940000 79190.8
5950000 79174.7
5960000 79032.6
5970000 78902.6
5980000 78795.9
5990000 78247.9
6000000 78171.8
6010000 78565.5
6020000 77916.3
6030000 77282.9
6040000 77053.8
6050000 77629.4
6060000 77656.3
6070000 79248
6080000 79447.6
6090000 79932.6
6100000 80623.7
6110000 82489.3
6120000 83198.3
6130000 84367.2
6140000 84020
6150000 84087.9
6160000 84569.2
6170000 83213.3
6180000 83154.4
6190000 82873.8
6200000 83071
6210000 83489.2
6220000 83670.2
6230000 84082.4
6240000 85071.3
6250000 85270.7
6260000 84943.7
6270000 84675
6280000 85384.4
6290000 85374.8
6300000 84623.6
6310000 83985.4
6320000 83989.1
6330000 84302.9
6340000 84051.5
6350000 85590.8
6360000 86008
6370000 85847.3
6380000 85828.8
6390000 86778.3
6400000 86807.4
6410000 86415.3
6420000 87732.4
6430000 87920
6440000 87419.4
6450000 88257.8
6460000 89173.1
6470000 89468.7
6480000 90532.8
6490000 90286
6500000 90978.7
6510000 91837.7
6520000 91476.2
6530000 91526
6540000 92632.8
6550000 94077.3
6560000 94715.9
6570000 95809.9
6580000 96457.2
6590000 94513.2
6600000 95527
6610000 94882.1
6620000 93850.8
6630000 92604
6640000 93195.6
6650000 93546.4
6660000 92895.2
6670000 92907.7
6680000 93333.2
6690000 93848.6
6700000 94465.9
6710000 94445.6
6720000 93651.2
6730000 93156.5
6740000 93202.7
6750000 92970.2
6760000 92627.8
6770000 93023.4
6780000 91795.4
6790000 91484.8
6800000 91083.1
6810000 91085.8
6820000 91462.3
6830000 92074.7
6840000 93004.7
6850000 93762.9
6860000 94195.1
6870000 94961.3
6880000 95211.5
6890000 95459.4
6900000 95724.6
6910000 96694.9
6920000 96667.3
6930000 96401.4
6940000 96090.6
6950000 96116.9
6960000 96267.3
6970000 96106.1
6980000 96027.2
6990000 96530.1
7000000 96054.3
7010000 95905.6
7020000 95807
7030000 96403.3
7040000 97162.9
7050000 97394.1
7060000 99586.2
7070000 99278.6
7080000 98843.5
7090000 99476.7
7100000 99379.3
7110000 100179
7120000 99628.5
7130000 99047
7140000 98923.3
7150000 99356.8
7160000 100124
7170000 99438.6
7180000 99697.6
7190000 100103
7200000 99569.3
7210000 99805.9
7220000 99931
7230000 100078
7240000 100542
7250000 100623
7260000 101770
7270000 102456
7280000 102028
7290000 102383
7300000 102827
7310000 102677
7320000 101733
7330000 100844
7340000 101482
7350000 101555
7360000 102285
7370000 103960
7380000 104299
7390000 103076
7400000 103592
7410000 104490
7420000 105342
7430000 104433
7440000 104207
7450000 104692
7460000 104911
7470000 104940
7480000 103919
7490000 103985
7500000 103780
7510000 105604
7520000 105749
7530000 106725
7540000 107610
7550000 108565
7560000 108082
7570000 107958
7580000 107365
7590000 107284
7600000 108121
7610000 108463
7620000 107796
7630000 107998
7640000 107669
7650000 106549
7660000 105650
7670000 105712
7680000 105191
7690000 106919
7700000 107627
7710000 107511
7720000 107523
7730000 107397
7740000 106914
7750000 106956
7760000 106884
7770000 108042
7780000 108653
7790000 108145
7800000 108225
7810000 108439
7820000 109383
7830000 109925
7840000 109939
7850000 109602
7860000 109686
7870000 109766
7880000 110843
7890000 110769
7900000 111389
7910000 111880
7920000 110918
7930000 110931
7940000 111230
7950000 111835
7960000 111836
7970000 111219
7980000 112128
7990000 113129
8000000 115665
8010000 115711
8020000 115215
8030000 114781
8040000 114697
8050000 116244
8060000 117415
8070000 115673
8080000 115301
8090000 113954
8100000 113666
8110000 112819
8120000 112144
8130000 112026
8140000 112685
8150000 113537
8160000 113669
8170000 113831
8180000 114515
8190000 114159
8200000 115439
8210000 115839
8220000 115942
8230000 116654
8240000 117184
8250000 117152
8260000 117883
8270000 120175
8280000 121129
8290000 122147
8300000 122701
8310000 123263
8320000 123777
8330000 122274
8340000 122109
8350000 122484
8360000 123280
8370000 123027
8380000 123958
8390000 124799
8400000 124998
8410000 124439
8420000 124519
8430000 124245
8440000 125317
8450000 125631
8460000 124142
8470000 124351
8480000 125175
8490000 124244
8500000 124760
8510000 123646
8520000 123979
8530000 123622
8540000 121817
8550000 123381
8560000 123053
8570000 124428
8580000 126151
8590000 126337
8600000 126631
8610000 127318
8620000 127589
8630000 126804
8640000 126613
8650000 127091
8660000 128049
8670000 129799
8680000 131002
8690000 130950
8700000 130525
8710000 131024
8720000 131628
8730000 131685
8740000 131857
8750000 132623
8760000 131377
8770000 131600
8780000 133187
8790000 133903
8800000 133209
8810000 133101
8820000 134184
8830000 134205
8840000 133980
8850000 135201
8860000 136662
8870000 139214
8880000 138847
8890000 139341
8900000 139603
8910000 138626
8920000 138279
8930000 138722
8940000 139819
8950000 139238
8960000 139536
8970000 139252
8980000 140207
8990000 140057
9000000 140206
9010000 140884
9020000 142185
9030000 142475
9040000 143299
9050000 143386
9060000 143171
9070000 143237
9080000 142783
9090000 143320
9100000 142537
9110000 141542
9120000 141979
9130000 142234
9140000 142113
9150000 141440
9160000 141991
9170000 143099
9180000 143644
9190000 143743
9200000 143638
9210000 143656
9220000 144170
9230000 143449
9240000 144823
9250000 144988
9260000 145847
9270000 146517
9280000 146981
9290000 146129
9300000 145135
9310000 145277
9320000 147191
9330000 145979
9340000 147382
9350000 148475
9360000 148314
9370000 148818
9380000 147826
9390000 148094
9400000 147969
9410000 149938
9420000 150772
9430000 151801
9440000 151008
9450000 150857
9460000 149524
9470000 150595
9480000 151059
9490000 151684
9500000 152263
9510000 153292
9520000 153238
9530000 152722
9540000 152420
9550000 153750
9560000 154749
9570000 156117
9580000 156004
9590000 156883
9600000 156947
9610000 156676
9620000 157189
9630000 157945
9640000 159496
9650000 160096
9660000 160223
9670000 160395
9680000 159298
9690000 158407
9700000 158735
9710000 159002
9720000 159420
9730000 158352
9740000 159488
9750000 159654
9760000 159402
9770000 159081
9780000 160841
9790000 161669
9800000 163926
9810000 163769
9820000 165096
9830000 164896
9840000 164633
9850000 163461
9860000 162823
9870000 164616
9880000 165026
9890000 166475
9900000 167852
9910000 167548
9920000 166695
9930000 167169
9940000 167391
9950000 167333
9960000 166379
9970000 168103
9980000 168307
9990000 168413
10000000 169280
10010000 170740
10020000 170903
10030000 171856
10040000 171653
10050000 172515
10060000 175433
10070000 176087
10080000 175407
10090000 174425
10100000 173820
10110000 173398
10120000 173795
10130000 173188
10140000 172094
10150000 174348
10160000 175386
10170000 175311
10180000 175171
10190000 176956
10200000 176642
10210000 177589
10220000 177434
10230000 177808
10240000 178759
10250000 178548
10260000 178351
10270000 179267
10280000 179458
10290000 178719
10300000 179204
10310000 181583
10320000 181704
10330000 182240
10340000 180647
10350000 180545
10360000 180010
10370000 180468
10380000 181756
10390000 181612
10400000 180626
10410000 180508
10420000 181976
10430000 183615
10440000 183721
10450000 184122
10460000 184329
10470000 183524
10480000 184092
10490000 185200
10500000 186549
10510000 186327
10520000 187112
10530000 186596
10540000 185799
10550000 186009
10560000 186803
10570000 187905
10580000 188967
10590000 190792
10600000 189894
10610000 189544
10620000 188759
10630000 188643
10640000 189211
10650000 188411
10660000 188270
10670000 186856
10680000 186833
10690000 185905
10700000 185014
10710000 186219
10720000 187073
10730000 186605
10740000 185608
10750000 186535
10760000 185667
10770000 185444
10780000 186568
10790000 186850
10800000 188616
10810000 188548
10820000 187215
10830000 188039
10840000 187907
10850000 188276
10860000 189203
10870000 188192
10880000 187672
10890000 189562
10900000 191649
10910000 192584
10920000 193482
10930000 192598
10940000 192398
10950000 193590
10960000 194465
10970000 192330
10980000 191100
10990000 192319
11000000 192085
11010000 192061
11020000 191647
11030000 192704
11040000 192940
11050000 192597
11060000 192512
11070000 192313
11080000 191389
11090000 192006
11100000 192177
11110000 191683
11120000 190162
11130000 188775
11140000 188920
11150000 188715
11160000 187435
11170000 189420
11180000 189201
11190000 190661
11200000 190272
11210000 191849
11220000 191595
11230000 191402
11240000 192160
11250000 193034
11260000 193562
11270000 194239
11280000 194101
11290000 194436
11300000 195266
11310000 196488
11320000 197750
11330000 197551
11340000 197229
11350000 196032
11360000 198214
11370000 197755
11380000 198945
11390000 200069
