# Time-averaged data for fix msd
# TimeStep c_msd[4]
1400000 580.952
1410000 792.929
1420000 950.676
1430000 1211.27
1440000 1298.61
1450000 1480.84
1460000 1675.62
1470000 1787.78
1480000 1970.78
1490000 2113.4
1500000 2149.22
1510000 2219.87
1520000 2195.98
1530000 2149.94
1540000 2074.47
1550000 2101.61
1560000 2253
1570000 2334.19
1580000 2413.03
1590000 2425.74
1600000 2364.31
1610000 2285.51
1620000 2367.6
1630000 2524.6
1640000 2587.24
1650000 2532.52
1660000 2592.93
1670000 2708.38
1680000 2768.95
1690000 2779.54
1700000 2914.87
1710000 2901.54
1720000 3132.2
1730000 3046.67
1740000 3026.42
1750000 3216.11
1760000 3261.85
1770000 3218.19
1780000 3031.48
1790000 2841.46
1800000 2874.67
1810000 3079.21
1820000 3118.74
1830000 3296.19
1840000 3380.15
1850000 3391.06
1860000 3479.89
1870000 3644.63
1880000 4044.65
1890000 4273.06
1900000 4289.23
1910000 4132.14
1920000 4102.99
1930000 4163.22
1940000 4150.87
1950000 4033.77
1960000 4055.1
1970000 4143.66
1980000 4124.98
1990000 4283.55
2000000 4445.72
2010000 4385.92
2020000 4616.72
2030000 4874.93
2040000 4901.14
2050000 4923
2060000 4955.73
2070000 5288.33
2080000 5277.74
2090000 5267.83
2100000 5503.84
2110000 5647.59
2120000 5644.72
2130000 5710.02
2140000 5508.79
2150000 5825.72
2160000 5693.83
2170000 5389.61
2180000 5275.02
2190000 5438.99
2200000 5460.53
2210000 5611.69
2220000 5763.38
2230000 5805.08
2240000 5799.85
2250000 5850.73
2260000 6048.49
2270000 6495.97
2280000 6424.92
2290000 6572.84
2300000 6612.17
2310000 6803.39
2320000 7163.67
2330000 7271.28
2340000 7129.19
2350000 7281.13
2360000 7066.67
2370000 6754.42
2380000 6498.77
2390000 6652.43
2400000 6836.72
2410000 7021.49
2420000 7086.57
2430000 7160.44
2440000 7148.32
2450000 7177.08
2460000 7335.51
2470000 7340
2480000 7369.61
2490000 7343.42
2500000 7240.31
2510000 7095.59
2520000 7081.17
2530000 7300.68
2540000 7512.72
2550000 7400.29
2560000 7459.72
2570000 7474.56
2580000 7712.08
2590000 7705.57
2600000 7496.48
2610000 7384.1
2620000 7340.79
2630000 7337.16
2640000 7498.68
2650000 7442.3
2660000 7426.41
2670000 7617.04
2680000 7688.67
2690000 7755.31
2700000 7880.23
2710000 8008.99
2720000 7780.37
2730000 7705.32
2740000 7845.16
2750000 7726.94
2760000 7955.56
2770000 8317.01
2780000 8329.53
2790000 8011.35
2800000 8222.76
2810000 8144.03
2820000 8024.79
2830000 7980.44
2840000 7989.6
2850000 8092.15
2860000 8057.09
2870000 8012.69
2880000 8313.79
2890000 8155.57
2900000 8225.22
2910000 8276.25
2920000 8478.78
2930000 8352.46
2940000 8166.62
2950000 8282.92
2960000 8187.14
2970000 8154.65
2980000 8201.68
2990000 7980.04
3000000 8141.36
3010000 8111.51
3020000 8367.54
3030000 8490.27
3040000 8499.01
3050000 8353.02
3060000 8176.03
3070000 8053.98
3080000 8220.06
3090000 8205.64
3100000 8095.01
3110000 8244.7
3120000 8377.33
3130000 8191.28
3140000 8324.81
3150000 8165.16
3160000 8277.12
3170000 8432.58
3180000 8616.72
3190000 8829.21
3200000 8849.41
3210000 8864.67
3220000 8858.83
3230000 8892.65
3240000 8981.55
3250000 9091.36
3260000 9200.62
3270000 9148.37
3280000 9012.23
3290000 9190.74
3300000 9604.33
3310000 9711.16
3320000 9898.09
3330000 9622.68
3340000 9756.29
3350000 9749.43
3360000 10243
3370000 10609.2
3380000 10852.6
3390000 10714.2
3400000 10589.8
3410000 10649.6
3420000 10733.5
3430000 10725.5
3440000 10620.1
3450000 10331.7
3460000 10073.6
3470000 10012.9
3480000 10058.1
3490000 10129.2
3500000 10248.8
3510000 10082
3520000 10158.1
3530000 10187.1
3540000 9973.82
3550000 9821.58
3560000 9820.81
3570000 9776.96
3580000 9998.31
3590000 10071.5
3600000 10164.8
3610000 10144.3
3620000 10247.5
3630000 10224.8
3640000 10321.3
3650000 10399.4
3660000 10269
3670000 10526
3680000 10351.5
3690000 10206.4
3700000 10308.8
3710000 10226.2
3720000 10421.2
3730000 10408.6
3740000 10421.1
3750000 10231.3
3760000 10376.6
3770000 10585.3
3780000 10557.6
3790000 10710.4
3800000 10896.8
3810000 10794
3820000 10828.7
3830000 10828.9
3840000 10969.2
3850000 10971.9
3860000 10907.8
3870000 10893.3
3880000 10717
3890000 10793.6
3900000 10739.2
3910000 10754
3920000 10794.4
3930000 10821.6
3940000 10835.5
3950000 11098.7
3960000 11057
3970000 11183.6
3980000 11372.5
3990000 11272.2
4000000 11190.6
4010000 11395.6
4020000 11596.2
4030000 11717.5
4040000 11836.8
4050000 12014.5
4060000 11983.3
4070000 12044.8
4080000 11933
4090000 12008.9
4100000 12053.6
4110000 12264.7
4120000 12339.6
4130000 11974.6
4140000 11924.2
4150000 11992.1
4160000 11953.6
4170000 12166.3
4180000 12269.6
4190000 12298.6
4200000 12163.7
4210000 12049.8
4220000 12039
4230000 11972.7
4240000 12005.8
4250000 11910.2
4260000 12038
4270000 12277
4280000 12519.6
4290000 12696.8
4300000 12851.2
4310000 12851.7
4320000 12817.5
4330000 12572.5
4340000 12731.1
4350000 12758.8
4360000 12842.2
4370000 13087.8
4380000 13102.9
4390000 13050.4
4400000 12805.1
4410000 12878.7
4420000 12738
4430000 13072.6
4440000 13107.2
4450000 13394.8
4460000 13448.2
4470000 13427.4
4480000 13491.3
4490000 13312.2
4500000 13328.5
4510000 13271.8
4520000 13215.7
4530000 13208.9
4540000 13119.5
4550000 13438.2
4560000 13683.2
4570000 13585.6
4580000 13707
4590000 13925.2
4600000 14270.3
4610000 14459.7
4620000 14589.5
4630000 14772.8
4640000 14947.1
4650000 15062.8
4660000 15152
4670000 15406.6
4680000 15223.5
4690000 15521.7
4700000 15400.6
4710000 15155.8
4720000 15098.5
4730000 15102.8
4740000 15133.3
4750000 14974.9
4760000 15260.8
4770000 15490.1
4780000 15401
4790000 15277.9
4800000 15287
4810000 15628.1
4820000 15628
4830000 15745.9
4840000 15575.9
4850000 15873.8
4860000 16134.3
4870000 16431.7
4880000 16727.1
4890000 16721.5
4900000 16959.9
4910000 16556.5
4920000 16589.5
4930000 16492
4940000 16396.8
4950000 16252.9
4960000 16221.9
4970000 16106.5
4980000 16484.7
4990000 16546.9
5000000 16909.1
5010000 17077.5
5020000 17128.5
5030000 16898.9
5040000 17264.4
5050000 17344.5
5060000 17679.8
5070000 17865.8
5080000 17815
5090000 18148.7
5100000 17959.4
5110000 17970.8
5120000 18107.3
5130000 18568.6
5140000 18879.9
5150000 19126
5160000 19278.2
5170000 19144
5180000 19090.9
5190000 19331.1
5200000 19618.8
5210000 19483.6
5220000 19625.3
5230000 19409.7
5240000 19615.9
5250000 19237.7
5260000 19436.2
5270000 19117.3
5280000 19109.5
5290000 19251.5
5300000 19605.8
5310000 19439.2
5320000 19503.4
5330000 19200.3
5340000 19082.1
5350000 19055.3
5360000 19030.5
5370000 18915.4
5380000 18887
5390000 19025.7
5400000 19082.3
5410000 19078.2
5420000 19097.8
5430000 19342.8
5440000 19258.3
5450000 19279.7
5460000 19350.5
5470000 19096.4
5480000 19212.6
5490000 19472.7
5500000 19377.8
5510000 19098.7
5520000 19245.5
5530000 19356.6
5540000 19070.3
5550000 18715.6
5560000 18688.1
5570000 18766.8
5580000 18530.9
5590000 18612.9
5600000 18770.7
5610000 18746.1
5620000 18778.9
5630000 18722.3
5640000 18674.2
5650000 18692.4
5660000 18400.8
5670000 17986.9
5680000 17897.2
5690000 18113.7
5700000 18027.2
5710000 18026.8
5720000 18074.4
5730000 18291.9
5740000 18585.3
5750000 18500.8
5760000 18214.6
5770000 18014.3
5780000 17955.4
5790000 17974.8
5800000 18202.3
5810000 18513.1
5820000 18974.6
5830000 19335.4
5840000 19381.5
5850000 19596.6
5860000 19594.6
5870000 19945.5
5880000 19773.1
5890000 19787.7
5900000 19400.4
5910000 19498
5920000 19605.5
5930000 20167.5
5940000 20226.4
5950000 20500.2
5960000 20579.3
5970000 20249.9
5980000 20736
5990000 21086.1
6000000 20877.9
6010000 20884.3
6020000 21172.7
6030000 21185.2
6040000 21289
6050000 21488.3
6060000 21417.2
6070000 21635.2
6080000 21503.7
6090000 21743.2
6100000 21491.6
6110000 21787.5
6120000 21872.8
6130000 22003.8
6140000 22054.8
6150000 22119.1
6160000 22066.5
6170000 22015.3
6180000 22548.5
6190000 22455.2
6200000 22992.1
6210000 23022.6
6220000 23062.8
6230000 22837.7
6240000 22806.4
6250000 22974.3
6260000 23099.8
6270000 23376.5
6280000 23304.1
6290000 23522.1
6300000 23643.4
6310000 23365.2
6320000 23376.7
6330000 23773
6340000 23985
6350000 23506.4
6360000 23421.3
6370000 23743.7
6380000 23681.6
6390000 23882.6
6400000 23983.5
6410000 24010.1
6420000 24085.5
6430000 24113.3
6440000 23712.7
6450000 23465.3
6460000 23515
6470000 23648.7
6480000 23898.8
6490000 23928.1
6500000 23925.1
6510000 23551.6
6520000 23534.7
6530000 23548.7
6540000 23707.6
6550000 23551.6
6560000 23728.3
6570000 23683.4
6580000 23861.4
6590000 23721.3
6600000 24219.9
6610000 23959.5
6620000 23881.8
6630000 24532.8
6640000 24718.1
6650000 24540.5
6660000 24431.7
6670000 24501.9
6680000 24259.6
6690000 24539.3
6700000 25062.3
6710000 24967.9
6720000 25044.9
6730000 25125.4
6740000 24782.8
6750000 24718.7
6760000 24727.7
6770000 24864.9
6780000 25288.4
6790000 25389.9
6800000 25285.2
6810000 25534.6
6820000 25598.3
6830000 25414.8
6840000 25923.3
6850000 26034.8
6860000 26094.4
6870000 25994.7
6880000 26039.1
6890000 26066.1
6900000 26360.4
6910000 26315.5
6920000 26124.1
6930000 25914.4
6940000 25790.9
6950000 26003
6960000 26097.9
6970000 26247.7
6980000 26190.8
6990000 26514.6
7000000 26814.1
7010000 26887.8
7020000 27092.6
7030000 27190.8
7040000 27320.5
7050000 26959.7
7060000 27030.3
7070000 26925.7
7080000 27302.8
7090000 27168.4
7100000 27440.4
7110000 27336.8
7120000 27358.3
7130000 27553.9
7140000 27267.8
7150000 27953.9
7160000 27874.4
7170000 27986.3
7180000 27821.5
7190000 28106.5
7200000 28385.9
7210000 29094.2
7220000 28887.7
7230000 28524.8
7240000 29023.6
7250000 28897
7260000 29261.6
7270000 29133.8
7280000 28957.3
7290000 28970.2
7300000 28834.6
7310000 29022.2
7320000 29151.5
7330000 29192.7
7340000 29552.5
7350000 29749.6
7360000 29931
7370000 29739.2
7380000 29877.4
7390000 29827.4
7400000 29636.4
7410000 29676
7420000 29242.6
7430000 29506.5
7440000 29672.2
7450000 29704.8
7460000 29995.5
7470000 30382
7480000 30388.9
7490000 30610.2
7500000 30647
7510000 31155.6
7520000 30959.8
7530000 30689.8
7540000 30611.2
7550000 30569.5
7560000 30392.4
7570000 30276.5
7580000 30175.8
7590000 30696.4
7600000 30295
7610000 30062
7620000 30187.2
7630000 30315.8
7640000 30196.5
7650000 30247.6
7660000 30251
7670000 30478.1
7680000 30534.2
7690000 30753.4
7700000 30902.3
7710000 31375.9
7720000 31516.2
7730000 31209.1
7740000 31252.5
7750000 31442.2
7760000 31662.9
7770000 31387.9
7780000 32035.2
7790000 32093.9
7800000 31934.5
7810000 31837.7
7820000 31979.4
7830000 32051.1
7840000 32183.4
7850000 32322.6
7860000 32036.9
7870000 32260.7
7880000 32435.9
7890000 32576.1
7900000 32378
7910000 32078
7920000 32082.3
7930000 31975
7940000 31735.2
7950000 31781.2
7960000 31853.2
7970000 32164.5
7980000 32136.8
7990000 32289.6
8000000 32294.1
8010000 32429.8
8020000 32731.3
8030000 32581.6
8040000 32892.3
8050000 32822.4
8060000 32675.2
8070000 32557.9
8080000 32766.1
8090000 32969.9
8100000 32862.7
8110000 32515.2
8120000 32427.8
8130000 31970.1
8140000 31965
8150000 31756
8160000 31645.3
8170000 31820.4
8180000 31804.1
8190000 32024.8
8200000 32159.9
8210000 31793.7
8220000 32179.8
8230000 31889.9
8240000 32539.1
8250000 32187.6
8260000 31866.5
8270000 31749.9
8280000 31778.1
8290000 31977
8300000 32055.6
8310000 32574.8
8320000 32452.6
8330000 32494
8340000 32989.7
8350000 32966.5
8360000 32613
8370000 32309.3
8380000 32329.1
8390000 32334.2
8400000 32833.5
8410000 32810.5
8420000 32404
8430000 32353.6
8440000 32237.2
8450000 32220.1
8460000 32192.4
8470000 32183.3
8480000 32598.7
8490000 32589.5
8500000 32579
8510000 32450.7
8520000 32820.2
8530000 32572.2
8540000 32749.6
8550000 32639.6
8560000 32523.6
8570000 32335.2
8580000 32528.2
8590000 32793.7
8600000 33037.1
8610000 32935.6
8620000 32980.2
8630000 32743.8
8640000 32879.6
8650000 33200.9
8660000 33108
8670000 33338
8680000 33146.8
8690000 33020.5
8700000 33354
8710000 33327.7
8720000 33952.3
8730000 33845.2
8740000 33730.5
8750000 33870.8
8760000 33893.1
8770000 33806.1
8780000 34055.9
8790000 33868.6
8800000 34146.3
8810000 34507.3
8820000 34411.8
8830000 34501.3
8840000 34644.1
8850000 35118.9
8860000 34881.1
8870000 35069.4
8880000 35287.3
8890000 35130.1
8900000 35126.5
8910000 34859.5
8920000 34972.7
8930000 35220.9
8940000 35513
8950000 35387.5
8960000 35591.3
8970000 35594.9
8980000 35469.7
8990000 35410.2
9000000 35206.3
9010000 35203.8
9020000 35627
9030000 35783.1
9040000 35842.9
9050000 35943.5
9060000 36036.2
9070000 36048.1
9080000 36232.5
9090000 36591.8
9100000 36966
9110000 37298.6
9120000 37506.1
9130000 37543.7
9140000 37311.4
9150000 37918.6
9160000 38319.5
9170000 37983.8
9180000 38138.4
9190000 38197.4
9200000 38160.6
9210000 38153.2
9220000 37947.5
9230000 37783.1
9240000 38004.9
9250000 38516.4
9260000 39254.1
9270000 39237.5
9280000 38778.1
9290000 38915.5
9300000 39101.3
9310000 39672.1
9320000 39818.9
9330000 39907.1
9340000 40235.2
9350000 40215
9360000 40075.2
9370000 40434.9
9380000 40760.8
9390000 40374
9400000 40490.2
9410000 40568.1
9420000 40590.3
9430000 40301
9440000 40579.4
9450000 40493.5
9460000 40654
9470000 40739.2
9480000 40948.2
9490000 40838.4
9500000 41008.5
9510000 41028
9520000 40978.6
9530000 41457.1
9540000 41067.3
9550000 40681.5
9560000 40689.6
9570000 40728.8
9580000 40794.7
9590000 40901.1
9600000 40370.9
9610000 40635.3
9620000 40955
9630000 41191.7
9640000 40924.1
9650000 41070.9
9660000 40776.2
9670000 41164.7
9680000 40626.4
9690000 41005.1
9700000 41637.9
9710000 41589.6
9720000 41579.9
9730000 41788.3
9740000 42337.6
9750000 42640
9760000 42668
9770000 42702.4
9780000 42570.3
9790000 42555.7
9800000 43051.7
9810000 43534.8
9820000 43817.7
9830000 43813.7
9840000 43692.6
9850000 43255.8
9860000 43115.9
9870000 43837.7
9880000 43988.5
9890000 44038
9900000 43819.7
9910000 42941.7
9920000 42588.1
9930000 42787.3
9940000 42986
9950000 43304.4
9960000 43131.6
9970000 43061.5
9980000 43125.2
9990000 43339.6
10000000 43391.9
10010000 43490.5
10020000 43395.3
10030000 43385.7
10040000 43297
10050000 43180.7
10060000 43715.6
10070000 43044.5
10080000 42866.6
10090000 43285.8
10100000 43393.1
10110000 43524.7
10120000 44004.1
10130000 43691.9
10140000 43117.8
10150000 43318.7
10160000 43384.8
10170000 43421
10180000 43486.9
10190000 43536
10200000 43809.5
10210000 43522.4
10220000 43839.3
10230000 43966.6
10240000 44313.1
10250000 44570.2
10260000 45009.8
10270000 44573.4
10280000 44893.7
10290000 44809.6
10300000 44990
10310000 45279.7
10320000 44714.2
10330000 44793.4
10340000 44743.1
10350000 44953.3
10360000 44975.3
10370000 45202.6
10380000 45383.6
10390000 45522.1
10400000 45189.8
10410000 45380.9
10420000 44786.5
10430000 45017.3
10440000 45281.3
10450000 45693.3
10460000 45499.2
10470000 45722.6
10480000 45601.1
10490000 45790
10500000 45452.3
10510000 45342.6
10520000 45913.9
10530000 45972.9
10540000 46027.9
10550000 45979.7
10560000 46256.2
10570000 46444.9
10580000 46214.8
10590000 46282.6
10600000 46797.5
10610000 46723.7
10620000 46940.7
10630000 46730.8
10640000 46642.5
10650000 46889.9
10660000 46696.8
10670000 46724.1
10680000 46618
10690000 46447.7
10700000 46611.9
10710000 45986.4
10720000 45670.1
10730000 45481.1
10740000 45518.3
10750000 45311.7
10760000 45004
10770000 45329.3
10780000 45123
10790000 45181.6
10800000 45197.4
10810000 45215.8
10820000 45674.5
10830000 45599.3
10840000 45744.3
10850000 45937.6
10860000 45897.1
10870000 46364.8
10880000 46124.1
10890000 46308.7
10900000 46895.5
10910000 46842.2
10920000 47336.3
10930000 47410.7
10940000 46933.1
10950000 47361.2
10960000 47797
10970000 47585.6
10980000 47772.5
10990000 47986.4
11000000 47898
11010000 47763.2
11020000 47692.5
11030000 47974.5
11040000 47836.8
11050000 47929.4
11060000 47835.7
11070000 47735.3
11080000 47306.6
11090000 47265.8
11100000 47427.8
11110000 47430.7
11120000 47698.9
11130000 47812.3
11140000 48204
11150000 47601.5
11160000 47733.7
11170000 47968.5
11180000 47786.5
11190000 47536.2
11200000 47693.6
11210000 47865.2
11220000 48431
11230000 48422.1
11240000 47828.7
11250000 47572.2
11260000 48066.4
11270000 48125.5
11280000 48200.2
11290000 47822.8
11300000 47896
11310000 48374.4
11320000 48300.1
11330000 48534
11340000 48521.3
11350000 48622.1
11360000 48611.3
11370000 48592.7
11380000 48857.1
11390000 48954.1
