# Time-averaged data for fix msd
# TimeStep c_msd[4]
1400000 920.312
1410000 1464.51
1420000 2002.19
1430000 2329.83
1440000 2769.03
1450000 2902.74
1460000 2925.84
1470000 3069.93
1480000 3150.85
1490000 3248.4
1500000 3480.53
1510000 3617.65
1520000 3612.94
1530000 3715.59
1540000 4061.96
1550000 4456.59
1560000 4656.97
1570000 5248.31
1580000 5427.78
1590000 5422.29
1600000 5652.99
1610000 5949.52
1620000 6471.26
1630000 6818.52
1640000 6981.86
1650000 6787.86
1660000 7005.73
1670000 7311.06
1680000 7300.12
1690000 7978.13
1700000 7853.81
1710000 8224.21
1720000 8393.13
1730000 8815.73
1740000 8717.92
1750000 8703.89
1760000 8708.77
1770000 8964.97
1780000 9077.08
1790000 9358.6
1800000 9677.49
1810000 9975.35
1820000 10046
1830000 10267.1
1840000 10321.8
1850000 10193
1860000 10444.8
1870000 10480.6
1880000 10639.4
1890000 11041.4
1900000 10849.7
1910000 10704.2
1920000 10508.6
1930000 10579.5
1940000 10797.3
1950000 11004.6
1960000 10907.7
1970000 11369.5
1980000 11847.4
1990000 12615.5
2000000 13058.8
2010000 13003.5
2020000 13394.9
2030000 13620.1
2040000 13363.4
2050000 13332
2060000 13412.4
2070000 13841.2
2080000 13824
2090000 13509.9
2100000 13638.2
2110000 13703.9
2120000 14051.7
2130000 14112.8
2140000 14204.1
2150000 14099.6
2160000 14257.8
2170000 14964.4
2180000 15509.4
2190000 15526.1
2200000 15976.9
2210000 16269
2220000 16791.8
2230000 16786.1
2240000 17232.2
2250000 17445.8
2260000 17943.5
2270000 18664.2
2280000 19367.7
2290000 19569
2300000 19672.1
2310000 19883.1
2320000 19888.4
2330000 20542.2
2340000 21576.9
2350000 21757.6
2360000 21625.4
2370000 21634
2380000 21965.2
2390000 22101.4
2400000 22711.9
2410000 23455.5
2420000 24862.8
2430000 25584.4
2440000 25705.2
2450000 25850.6
2460000 26366.6
2470000 26858.6
2480000 27295.4
2490000 27669.6
2500000 27846.6
2510000 27460.9
2520000 27552.2
2530000 27843.2
2540000 28146
2550000 28535.7
2560000 28277.2
2570000 28359.4
2580000 28373.3
2590000 28839.5
2600000 29239.2
2610000 29488
2620000 29123.8
2630000 29783.3
2640000 30543.4
2650000 30877.1
2660000 31213.9
2670000 31702.2
2680000 32016
2690000 32642.1
2700000 32842.8
2710000 32272.7
2720000 32713.9
2730000 32690.6
2740000 32690.1
2750000 32902.6
2760000 33363.7
2770000 33493.8
2780000 33730
2790000 34043.4
2800000 34632.1
2810000 34090.9
2820000 34814.4
2830000 35023.3
2840000 35633.2
2850000 35736.9
2860000 36026.6
2870000 36349.9
2880000 36528.6
2890000 36498.9
2900000 36733.2
2910000 37098.9
2920000 37735.1
2930000 37826.2
2940000 38526.1
2950000 38886
2960000 37993.1
2970000 38073.3
2980000 38266.8
2990000 38745
3000000 38706.8
3010000 39125.1
3020000 39042
3030000 38579.5
3040000 39300.7
3050000 38673.6
3060000 39073
3070000 40069.8
3080000 39991.8
3090000 40200.5
3100000 41459.1
3110000 41213.7
3120000 41926.1
3130000 43296.4
3140000 45162.5
3150000 45409.5
3160000 46329.3
3170000 46950.2
3180000 47574.1
3190000 47750.6
3200000 47689.6
3210000 47548.6
3220000 48621.8
3230000 48859.7
3240000 50136.1
3250000 50316.5
3260000 51051.1
3270000 50858.4
3280000 51631.9
3290000 52014.6
3300000 52328.7
3310000 52208.6
3320000 52369.4
3330000 52913.1
3340000 53601
3350000 53603.8
3360000 54000.4
3370000 54807.5
3380000 55289.4
3390000 55971.4
3400000 56265.1
3410000 56270.8
3420000 56700.8
3430000 57131.2
3440000 57379.7
3450000 57039.9
3460000 56463.6
3470000 57044.9
3480000 57043.2
3490000 57709.7
3500000 56359.8
3510000 55981.5
3520000 56238.6
3530000 56831.1
3540000 56276.6
3550000 56222.2
3560000 56228.4
3570000 56818.1
3580000 57407.3
3590000 57472.4
3600000 58103.8
3610000 58533.6
3620000 59432.6
3630000 60703.7
3640000 61612.6
3650000 60662.4
3660000 60953.5
3670000 61335.8
3680000 61927.5
3690000 62510.9
3700000 62556.5
3710000 62087.8
3720000 61404.9
3730000 61778.5
3740000 61238
3750000 61707.7
3760000 61939.6
3770000 61208.7
3780000 62071.7
3790000 61730
3800000 61684.8
3810000 62295.3
3820000 62895.3
3830000 63497
3840000 64132.7
3850000 63360.8
3860000 63685.8
3870000 63958.7
3880000 65454.9
3890000 66033.4
3900000 66128.7
3910000 67071.7
3920000 67612.2
3930000 67469.6
3940000 67603.1
3950000 67536
3960000 67997.7
3970000 67774
3980000 67871.7
3990000 69095.5
4000000 69608.2
4010000 69869.1
4020000 70111
4030000 70587.2
4040000 70127.9
4050000 70384.4
4060000 71233
4070000 71844.7
4080000 71507.3
4090000 71490.5
4100000 71398.1
4110000 72336.3
4120000 72620.9
4130000 73432.8
4140000 73760.1
4150000 74511.3
4160000 73560.8
4170000 73471.4
4180000 74966.8
4190000 75096.7
4200000 75833.3
4210000 76053.6
4220000 75970.1
4230000 75924.4
4240000 76433.1
4250000 78236.7
4260000 78571.6
4270000 78242.4
4280000 78795.7
4290000 79010.1
4300000 79735.5
4310000 80011.2
4320000 80643.7
4330000 80206.3
4340000 80577
4350000 80870.1
4360000 81192.7
4370000 81340
4380000 81682.9
4390000 81827
4400000 82110.3
4410000 82988.8
4420000 83062.8
4430000 83195.1
4440000 83705
4450000 81489.4
4460000 79541.2
4470000 78467.1
4480000 78190.8
4490000 77333.6
4500000 76222.5
4510000 76073.7
4520000 75921.5
4530000 77051.9
4540000 76246.4
4550000 75712
4560000 76234
4570000 77609.6
4580000 78646.6
4590000 78408.3
4600000 78111
4610000 78665.6
4620000 78977.8
4630000 78645.2
4640000 80330.2
4650000 81366.1
4660000 81103.4
4670000 80822.1
4680000 81195.8
4690000 80388.8
4700000 80709.8
4710000 81407.5
4720000 81238.8
4730000 82876.3
4740000 83680.4
4750000 84469.8
4760000 85100.2
4770000 85339.2
4780000 85754.5
4790000 85664.2
4800000 85521.8
4810000 86218.1
4820000 86180.5
4830000 85358.7
4840000 86784.7
4850000 85657.5
4860000 85427.1
4870000 86281.9
4880000 85986.8
4890000 85569.7
4900000 85420.6
4910000 85633
4920000 85862.2
4930000 85613.8
4940000 85483.2
4950000 85519.7
4960000 85541.3
4970000 85037.9
4980000 86711.1
4990000 87418.2
5000000 87424.5
5010000 87704.8
5020000 88600.8
5030000 89413.2
5040000 90262.5
5050000 91449.8
5060000 91794.6
5070000 91474.3
5080000 91142.5
5090000 89684.5
5100000 89489.7
5110000 89017.5
5120000 89315.5
5130000 89682.6
5140000 90794.4
5150000 90237.4
5160000 90458.8
5170000 91281.4
5180000 92017.1
5190000 92591.7
5200000 94359.9
5210000 94521.4
5220000 95700.9
5230000 96689.6
5240000 97210.5
5250000 98147.4
5260000 98157.1
5270000 98329.7
5280000 98937.8
5290000 98768.2
5300000 100417
5310000 102030
5320000 101122
5330000 101100
5340000 100319
5350000 101357
5360000 102335
5370000 102873
5380000 102630
5390000 102946
5400000 102758
5410000 104134
5420000 105949
5430000 106065
5440000 105506
5450000 105768
5460000 106803
5470000 106086
5480000 104299
5490000 104716
5500000 104437
5510000 104847
5520000 105419
5530000 105581
5540000 104416
5550000 104415
5560000 103732
5570000 103412
5580000 104303
5590000 105492
5600000 107304
5610000 107928
5620000 108536
5630000 108013
5640000 107691
5650000 107479
5660000 107335
5670000 106682
5680000 107485
5690000 108103
5700000 108125
5710000 107357
5720000 108017
5730000 108515
5740000 108600
5750000 109058
5760000 109009
5770000 109080
5780000 110590
5790000 112137
5800000 113061
5810000 113289
5820000 112520
5830000 113063
5840000 114925
5850000 115309
5860000 115649
5870000 116209
5880000 117051
5890000 118117
5900000 118371
5910000 117466
5920000 118519
5930000 119755
5940000 118837
5950000 118201
5960000 118310
5970000 119058
5980000 120038
5990000 119723
6000000 120805
6010000 121370
6020000 121395
6030000 120957
6040000 122221
6050000 122049
6060000 121876
6070000 121298
6080000 122297
6090000 124249
6100000 125353
6110000 125033
6120000 123749
6130000 125966
6140000 127912
6150000 128559
6160000 128788
6170000 128202
6180000 128425
6190000 130531
6200000 130525
6210000 131373
6220000 132555
6230000 133021
6240000 133348
6250000 133647
6260000 134015
6270000 133980
6280000 134572
6290000 135155
6300000 135385
6310000 136544
6320000 136710
6330000 138809
6340000 140343
6350000 139620
6360000 139913
6370000 139407
6380000 139485
6390000 138627
6400000 137837
6410000 136904
6420000 136828
6430000 137747
6440000 137627
6450000 138405
6460000 138556
6470000 138146
6480000 137730
6490000 138026
6500000 138962
6510000 139172
6520000 139660
6530000 139409
6540000 139034
6550000 140118
6560000 140793
6570000 138990
6580000 138762
6590000 139400
6600000 140221
6610000 140780
6620000 140994
6630000 141665
6640000 141378
6650000 140875
6660000 140877
6670000 141671
6680000 142222
6690000 139864
6700000 140027
6710000 140348
6720000 140378
6730000 140495
6740000 140327
6750000 139860
6760000 140128
6770000 142419
6780000 143132
6790000 142221
6800000 143945
6810000 144775
6820000 145840
6830000 146721
6840000 147215
6850000 148582
6860000 148548
6870000 149018
6880000 148676
6890000 149517
6900000 149453
6910000 150541
6920000 150136
6930000 150409
6940000 150219
6950000 150400
6960000 151257
6970000 152355
6980000 151479
6990000 151660
7000000 151505
7010000 151835
7020000 153525
7030000 155718
7040000 154951
7050000 153967
7060000 152987
7070000 153323
7080000 152283
7090000 152221
7100000 151846
7110000 153044
7120000 153742
7130000 154461
7140000 155213
7150000 154327
7160000 153749
7170000 153393
7180000 155070
7190000 155211
7200000 156983
7210000 156602
7220000 156056
7230000 156460
7240000 155268
7250000 156172
7260000 157389
7270000 157317
7280000 157467
7290000 157238
7300000 157345
7310000 155753
7320000 157571
7330000 157461
7340000 157652
7350000 156834
7360000 155876
7370000 156483
7380000 155772
7390000 155965
7400000 156460
7410000 156356
7420000 156401
7430000 155438
7440000 155727
7450000 156159
7460000 157035
7470000 156976
7480000 157165
7490000 157629
7500000 158614
7510000 157874
7520000 159469
7530000 160525
7540000 162456
7550000 161907
7560000 161358
7570000 161975
7580000 162448
7590000 161221
7600000 161446
7610000 160536
7620000 160720
7630000 161907
7640000 162450
7650000 163211
7660000 165274
7670000 164666
7680000 165221
7690000 165275
7700000 164846
7710000 163777
7720000 164917
7730000 165056
7740000 164848
7750000 164235
7760000 164063
7770000 165648
7780000 166643
7790000 166355
7800000 166431
7810000 165671
7820000 164443
7830000 164815
7840000 164150
7850000 163823
7860000 164057
7870000 166244
7880000 165452
7890000 165364
7900000 164999
7910000 163362
7920000 162135
7930000 162635
7940000 162284
7950000 161859
7960000 161881
7970000 162487
7980000 162107
7990000 161090
8000000 161967
8010000 163187
8020000 163700
8030000 164547
8040000 164251
8050000 164223
8060000 164172
8070000 163642
8080000 163985
8090000 163473
8100000 163442
8110000 164543
8120000 164455
8130000 163799
8140000 165618
8150000 166196
8160000 166863
8170000 167429
8180000 167604
8190000 167289
8200000 165438
8210000 166047
8220000 166993
8230000 165495
8240000 165576
8250000 165357
8260000 166125
8270000 164910
8280000 164263
8290000 164423
8300000 165675
8310000 165822
8320000 165447
8330000 166486
8340000 166129
8350000 165728
8360000 164932
8370000 165700
8380000 167154
8390000 168421
8400000 167782
8410000 167806
8420000 169535
8430000 168875
8440000 168802
8450000 169888
8460000 170386
8470000 171386
8480000 171296
8490000 170927
8500000 171064
8510000 169395
8520000 168253
8530000 166900
8540000 167562
8550000 166132
8560000 166276
8570000 167238
8580000 166881
8590000 168049
8600000 167880
8610000 167285
8620000 166880
8630000 168775
8640000 170639
8650000 171442
8660000 172683
8670000 174367
8680000 173573
8690000 173355
8700000 173323
8710000 174096
8720000 173449
8730000 172022
8740000 170567
8750000 169629
8760000 170469
8770000 168443
8780000 168493
8790000 169756
8800000 169343
8810000 167965
8820000 167480
8830000 167646
8840000 169023
8850000 168116
8860000 167571
8870000 168310
8880000 169308
8890000 170316
8900000 171222
8910000 170814
8920000 170515
8930000 170947
8940000 170351
8950000 170151
8960000 170439
8970000 169958
8980000 169408
8990000 170397
9000000 170925
9010000 170381
9020000 170610
9030000 170496
9040000 169713
9050000 169940
9060000 167686
9070000 167690
9080000 167641
9090000 167500
9100000 166179
9110000 166290
9120000 167489
9130000 166705
9140000 166154
9150000 165093
9160000 164682
9170000 164918
9180000 165337
9190000 166369
9200000 165707
9210000 167404
9220000 167845
9230000 169044
9240000 168138
9250000 168003
9260000 167992
9270000 167335
9280000 167097
9290000 167225
9300000 167491
9310000 168616
9320000 168301
9330000 170089
9340000 170663
9350000 170926
9360000 171375
9370000 170436
9380000 171817
9390000 171042
9400000 170690
9410000 169684
9420000 171433
9430000 172795
9440000 172399
9450000 172906
9460000 172730
9470000 172770
9480000 172136
9490000 172535
9500000 170218
9510000 169145
9520000 171622
9530000 173309
9540000 172357
9550000 173805
9560000 174424
9570000 173366
9580000 172953
9590000 173063
9600000 173768
9610000 173819
9620000 173677
9630000 174441
9640000 172526
9650000 172406
9660000 171917
9670000 172467
9680000 172110
9690000 172544
9700000 173129
9710000 172921
9720000 172964
9730000 172332
9740000 171893
9750000 173227
9760000 173542
9770000 174244
9780000 174243
9790000 173956
9800000 174622
9810000 176839
9820000 176281
9830000 175868
9840000 174521
9850000 174590
9860000 176234
9870000 175774
9880000 176172
9890000 176376
9900000 176279
9910000 176653
9920000 177583
9930000 179083
9940000 178739
9950000 180408
9960000 182027
9970000 182265
9980000 182479
9990000 182395
10000000 182419
10010000 183138
10020000 182690
10030000 182541
10040000 182563
10050000 183552
10060000 183197
10070000 184018
10080000 185197
10090000 185703
10100000 185561
10110000 186156
10120000 185635
10130000 185956
10140000 186343
10150000 186790
10160000 187496
10170000 188543
10180000 187504
10190000 187282
10200000 186817
10210000 185820
10220000 184539
10230000 184651
10240000 184216
10250000 184352
10260000 183885
10270000 181470
10280000 180377
10290000 180501
10300000 179964
10310000 179524
10320000 178516
10330000 178750
10340000 178921
10350000 178728
10360000 180468
10370000 181060
10380000 181496
10390000 181784
10400000 181973
10410000 181660
10420000 182573
10430000 184742
10440000 185732
10450000 186199
10460000 185848
10470000 185887
10480000 186706
10490000 186347
10500000 186669
10510000 184464
10520000 183625
10530000 184580
10540000 184191
10550000 185156
10560000 185791
10570000 186806
10580000 186587
10590000 185592
10600000 186791
10610000 188251
10620000 188586
10630000 189230
10640000 190318
10650000 189030
10660000 190376
10670000 188685
10680000 189637
10690000 190905
10700000 191784
10710000 192172
10720000 191192
10730000 192224
10740000 193050
10750000 192343
10760000 193211
10770000 193531
10780000 194706
10790000 195198
10800000 195185
10810000 195129
10820000 195989
10830000 196372
10840000 196587
10850000 197285
10860000 197538
10870000 198116
10880000 197529
10890000 195101
10900000 193002
10910000 193273
10920000 193515
10930000 194688
10940000 195671
10950000 194975
10960000 195329
10970000 195325
10980000 196163
10990000 196466
11000000 197357
11010000 199488
11020000 200863
11030000 201245
11040000 200851
11050000 201623
11060000 200358
11070000 201347
11080000 204079
11090000 205186
11100000 206398
11110000 205671
11120000 204717
11130000 204823
11140000 204290
11150000 203873
11160000 203068
11170000 202070
11180000 202644
11190000 203136
11200000 202228
11210000 202157
11220000 203064
11230000 203945
11240000 203633
11250000 202438
11260000 204423
11270000 205129
11280000 203382
11290000 204489
11300000 204609
11310000 204408
11320000 205778
11330000 207062
11340000 207649
11350000 208667
11360000 208442
11370000 207946
11380000 208851
11390000 209432
