0.230             0.318             -0.502         
2.837             -1.828            1.171          
6.581             -1.462            1.385          
9.169             -3.508            3.205          
12.927            -3.251            3.277          
15.505            -5.180            5.233          
19.270            -5.046            5.175          
21.845            -6.846            7.254          
25.609            -6.848            7.080          
28.189            -8.506            9.269          
31.943            -8.655            8.993          
34.536            -10.161           11.275         
38.274            -10.467           10.915         
40.888            -11.812           13.272         
44.602            -12.282           12.845         
47.243            -13.460           15.260         
50.925            -14.100           14.785         
53.601            -15.106           17.239         
57.246            -15.919           16.734         
59.963            -16.751           19.208         
63.563            -17.737           18.694         
66.328            -18.398           21.167         
69.878            -19.555           20.663         
72.695            -20.045           23.116         
76.190            -21.371           22.642         
79.064            -21.696           25.056         
82.500            -23.183           24.630         
85.436            -23.350           26.986         
88.809            -24.991           26.628         
91.808            -25.009           28.907         
95.116            -26.793           28.634         
98.182            -26.674           30.820         
101.422           -28.590           30.649         
104.557           -28.346           32.725         
107.728           -30.379           32.670         
110.931           -30.025           34.623         
114.035           -32.160           34.699         
117.305           -31.712           36.515         
120.341           -33.933           36.733         
123.678           -33.409           38.402         
126.649           -35.696           38.772         
130.050           -35.114           40.284         
132.958           -37.451           40.815         
136.421           -36.829           42.163         
139.269           -39.195           42.860         
142.790           -38.554           44.040         
145.582           -40.930           44.907         
149.156           -40.289           45.916         
151.898           -42.654           46.955         
155.519           -42.033           47.792         
158.217           -44.369           49.002         
161.879           -43.788           49.669         
164.539           -46.074           51.047         
168.236           -45.552           51.549         
170.864           -47.770           53.089         
174.590           -47.325           53.432         
177.193           -49.457           55.127         
180.940           -49.106           55.319         
183.526           -51.136           57.160         
187.286           -50.895           57.212         
189.862           -52.807           59.187         
193.628           -52.692           59.111         
196.203           -54.472           61.208         
199.966           -54.494           61.018         
202.547           -56.130           63.221         
206.300           -56.302           62.932         
208.896           -57.784           65.226         
212.631           -58.114           64.855         
215.248           -59.434           67.222         
218.958           -59.929           66.786         
221.604           -61.082           69.209         
225.281           -61.747           68.728         
227.963           -62.727           71.186         
231.601           -63.565           70.678         
234.325           -64.373           73.153         
237.918           -65.384           72.639         
240.690           -66.019           75.111         
244.232           -67.201           74.610         
247.058           -67.666           77.058         
250.544           -69.016           76.590         
253.428           -69.316           78.996         
256.854           -70.827           78.580         
259.799           -70.971           80.925         
263.163           -72.633           80.578         
266.173           -72.631           82.845         
269.470           -74.435           82.586         
272.547           -74.296           84.756         
275.777           -76.229           84.601         
278.921           -75.968           86.660         
282.083           -78.017           86.624         
285.295           -77.648           88.557         
288.389           -79.797           88.653         
291.669           -79.337           90.449    
294.696           -81.568           90.688    
298.043           -81.034           92.335    
301.004           -83.330           92.728    
304.415           -82.741           94.216    
307.314           -85.083           94.771    
310.785           -84.457           96.095    
313.625           -86.826           96.817    
317.153           -86.183           97.972    
319.939           -88.559           98.864    
323.519           -87.919           99.847    
326.255           -90.282           100.911   
329.882           -89.665           101.723   
332.574           -91.995           102.958   
336.242           -91.421           103.600   
338.897           -93.698           105.002   
342.599           -93.186           105.480   
345.223           -95.393           107.043   
348.952           -94.960           107.363   
351.552           -97.078           109.080   
355.301           -96.743           109.251   
357.886           -98.756           111.112   
361.647           -98.533           111.144   
364.223           -100.426          113.138   
367.989           -100.331          113.044   
370.564           -102.090          115.157   
374.326           -102.134          114.951   
376.910           -103.749          117.168   
380.660           -103.943          116.866   
383.258           -105.402          119.172   
386.990           -105.756          118.790   
389.611           -107.052          121.166   
393.316           -107.572          120.722   
395.967           -108.700          123.151   
399.639           -109.391          122.665   
402.327           -110.346          125.126   
405.958           -111.210          124.617   
408.689           -111.992          127.092   
412.275           -113.029          126.579   
415.055           -113.639          129.048   
418.589           -114.847          128.550   
421.423           -115.288          130.994   
424.900           -116.662          130.532 
427.793           -116.940          132.930 
431.210           -118.473          132.522 
434.165           -118.595          134.857 
437.518           -120.279          134.522 
440.538           -120.256          136.776 
443.825           -122.080          136.530 
446.912           -121.923          138.686 
450.132           -123.875          138.547 
453.286           -123.597          140.588 
456.438           -125.662          140.570 
459.661           -125.279          142.484 
462.744           -127.441          142.600 
466.035           -126.969          144.374 
469.051           -129.211          144.635 
472.408           -128.668          146.259 
475.360           -130.972          146.675 
478.780           -130.377          148.140 
481.669           -132.724          148.718 
485.150           -132.095          150.018 
487.981           -134.466          150.764 
491.517           -133.823          151.894 
494.295           -136.198          152.811 
497.883           -135.562          153.769 
500.611           -137.921          154.858 
504.245           -137.310          155.645 
506.931           -139.633          156.904 
510.604           -139.068          157.522 
513.254           -141.337          158.947 
516.960           -140.836          159.402 
519.580           -143.031          160.988 
523.313           -142.613          161.285 
525.910           -144.717          163.024 
529.661           -144.398          163.173 
532.244           -146.395          165.054 
536.006           -146.190          165.067 
538.581           -148.066          167.079 
542.347           -147.991          166.967 
544.923           -149.731          169.096 
548.684           -149.798          168.874 
551.268           -151.391          171.105 
555.016           -151.610          170.789 
557.617           -153.047          173.106 
561.345           -153.426          172.713 
563.970           -154.699          175.098 
567.670           -155.246          174.646 
570.326           -156.349          177.081 
573.992           -157.066          176.589 
576.686           -157.997          179.054 
580.311           -158.888          178.542 
583.049           -159.645          181.017 
586.627           -160.709          180.505 
589.414           -161.295          182.971 
592.940           -162.529          182.477 
595.782           -162.946          184.915 
599.250           -164.346          184.459 
602.152           -164.601          186.849 
605.559           -166.159          186.450 
608.524           -166.259          188.774 
611.867           -167.966          188.450 
614.897           -167.923          190.688 
618.174           -169.768          190.457 
621.272           -169.592          192.595 
624.481           -171.562          192.472 
627.647           -171.268          194.493 
630.788           -173.349          194.493 
634.022           -172.952          196.385 
637.095           -175.127          196.521 
640.397           -174.644          198.271 
643.403           -176.897          198.555 
646.770           -176.345          200.153 
649.712           -178.657          200.594 
653.142           -178.055          202.032 
656.023           -180.408          202.635 
659.512           -179.775          203.907 
662.335           -182.148          204.679 
665.881           -181.505          205.781 
668.650           -183.878          206.725 
672.246           -183.244          207.656 
674.968           -185.598          208.771 
678.608           -184.993          209.530 
681.289           -187.308          210.816 
684.968           -186.752          211.407 
687.613           -189.009          212.858 
691.324           -188.519          213.287 
693.940           -190.700          214.897 
697.676           -190.296          215.170 
700.271           -192.383          216.932 
704.025           -192.080          217.059 
706.606           -194.058          218.962 
710.369           -193.872          218.954 
712.945           -195.725          220.985 
716.710           -195.670          220.855 
719.288           -197.386          223.001 
723.047           -197.474          222.763 
725.635           -199.041          225.009 
729.381           -199.283          224.680 
731.986           -200.692          227.009 
735.710           -201.096          226.606 
738.340           -202.339          229.000 
742.036           -202.910          228.541 
744.698           -203.984          230.982 
748.359           -204.727          230.486 
751.060           -205.628          232.953 
754.678           -206.543          232.440 
757.424           -207.271          234.915 
760.995           -208.360          234.404 
763.791           -208.916          236.868 
767.309           -210.174          236.378 
770.161           -210.562          238.810 
773.620           -211.986          238.362 
776.532           -212.213          240.742 
779.930           -213.794          240.355 
782.905           -213.868          242.666 
786.238           -215.597          242.358 
789.279           -215.529          244.583 
792.545           -217.395          244.370 
795.653           -217.197          246.492 
798.851           -219.186          246.391 
802.027           -218.872          248.394 
805.157           -220.969          248.419 
808.401           -220.555          250.291 
811.463           -222.744          250.454 
814.774           -222.246          252.182 
817.770           -224.510          252.494 
821.146           -223.946          254.069 
824.077           -226.266          254.539 
827.517           -225.657          255.951 
830.387           -228.013          256.585 
833.885           -227.377          257.831 
836.699           -229.751          258.634 
840.252           -229.107          259.709 
843.013           -231.478          260.684 
846.616           -230.846          261.588 
849.330           -233.195          262.735 
852.977           -232.596          263.468 
855.650           -234.902          264.784 
859.335           -234.355          265.349 
861.974           -236.601          266.829 
865.689           -236.124          267.233 
868.300           -238.290          268.871 
872.040           -237.902          269.121 
874.631           -239.972          270.909 
878.387           -239.689          271.013 
880.966           -241.646          272.940 
884.730           -241.483          272.912 
887.304           -243.314          274.965 
891.069           -243.283          274.817 
893.646           -244.975          276.982 
897.404           -245.090          276.730 
899.993           -246.631          278.992 
903.735           -246.901          278.650 
906.343           -248.283          280.993 
910.063           -248.714          280.580 
912.697           -249.930          282.984 
916.387           -250.531          282.519 
919.054           -251.576          284.967 
922.708           -252.349          284.468 
925.415           -253.221          286.939 
929.026           -254.167          286.426 
931.779           -254.866          288.902 
935.341           -255.984          288.395 
938.144           -256.513          290.856 
941.652           -257.801          290.375 
944.512           -258.164          292.801 
947.961           -259.616          292.365 
950.881           -259.819          294.738 
954.268           -261.426          294.365 
957.252           -261.478          296.665 
960.574           -263.232          296.373 
963.624           -263.144          298.584 
966.879           -265.031          298.390 
969.996           -264.816          300.495 
973.183           -266.824          300.415 
976.369           -266.495          302.399 
979.487           -268.609          302.446 
982.741           -268.182          304.296 
985.791           -270.386          304.483 
989.113           -269.878          306.188 
992.097           -272.154          306.525 
995.483           -271.584          308.076 
998.404           -273.912          308.572 
1001.852          -273.298          309.960
1004.712          -275.661          310.622
1008.219          -275.023          311.842
1011.023          -277.399          312.673
1014.584          -276.758          313.722
1017.336          -279.128          314.725
1020.946          -278.503          315.603
1023.652          -280.848          316.776
1027.305          -280.257          317.484
1029.971          -282.556          318.827
1033.661          -282.021          319.368
1036.294          -284.255          320.876
1040.014          -283.793          321.256
1042.620          -285.946          322.919
1046.362          -285.575          323.147
1048.950          -287.629          324.959
1052.707          -287.364          325.043
1055.283          -289.302          326.993
1059.048          -289.159          326.946
1061.621          -290.969          329.020
1065.385          -290.961          328.857
1067.963          -292.630          331.041
1071.718          -292.769          330.775
1074.308          -294.285          333.053
1078.048          -294.580          332.702
1080.658          -295.936          335.057
1084.374          -296.395          334.637
1087.011          -297.583          337.052
1090.696          -298.213          336.582
1093.367          -299.229          339.037
1097.014          -300.031          338.538
1099.726          -300.875          341.013
1103.330          -301.850          340.502
1106.089          -302.522          342.979
1109.642          -303.669          342.478
1112.453          -304.170          344.936
1115.952          -305.485          344.463
1118.820          -305.820          346.883
1122.260          -307.298          346.457
1125.190          -307.473          348.820
1128.567          -309.105          348.461
1131.561          -309.131          350.748
1134.872          -310.907          350.473
1137.933          -310.795          352.668
1141.177          -312.703          352.493
1144.305          -312.465          354.580
1147.481          -314.492          354.522
1150.678          -314.143          356.486
1153.785          -316.273          356.557
1157.050          -315.830          358.385
1160.089          -318.046          358.598
1163.421          -317.525          360.280
1166.394          -319.810          360.645
1169.790          -319.229          362.170
1172.701          -321.563          362.696
1176.159          -320.942          364.059
1179.010          -323.307          364.751
1182.525          -322.665          365.945
1185.320          -325.040          366.808
1188.889          -324.397          367.831
1191.633          -326.763          368.865
1195.250          -326.139          369.717
1197.949          -328.476          370.922
1201.608          -327.891          371.604
1204.268          -330.178          372.978
1207.963          -329.652          373.494
1210.590          -331.872          375.032
1214.314          -331.421          375.388
1216.917          -333.556          377.080
1220.662          -333.200          377.285
1223.247          -335.234          379.123
1227.006          -334.988          379.187
1229.581          -336.904          381.160
1233.346          -336.782          381.095
1235.918          -338.566          383.190
1239.682          -338.583          383.010
1242.260          -340.225          385.213
1246.013          -340.390          384.933
1248.605          -341.878          387.227
1252.342          -342.201          386.864
1254.955          -343.527          389.233
1258.666          -344.015          388.805
1261.308          -345.172          391.229
1264.987          -345.831          390.755
